123145543548928
123145560338432
123145593917440
123145577127936
123145448595456
123145482174464
123145515753472
123145566121984
123145498963968
123145582911488
123145683648512
123145515753472
123145633280000
123145616490496
123145549332480
123145532542976
123145700438016
123145448595456
123145599700992
123145650069504
123145465384960
123145482174464
123145666859008
123145336582144
123145353371648
123145403740160
123145386950656
123145504477184
123145571635200
123145454108672
123145554845696
123145521266688
123145336582144
123145487687680
123145403740160
123145470898176
123145353371648
123145386950656
123145370161152
123145538056192
123145437319168
123145420529664
